batch["track_info"]
tensor([[[ 0.9596, -0.4215, -1.6472,  0.2065,  2.0153, -1.2249],
         [ 0.0000,  0.0000,  0.0000,  0.0000,  0.0000,  0.0000],
         [ 0.0000,  0.0000,  0.0000,  0.0000,  0.0000,  0.0000],
         [ 0.0000,  0.0000,  0.0000,  0.0000,  0.0000,  0.0000],
         [ 0.0000,  0.0000,  0.0000,  0.0000,  0.0000,  0.0000]],

        [[-0.4211, -0.4019,  1.4676,  1.9130, -1.8097,  0.3800],
         [ 0.0000,  0.0000,  0.0000,  0.0000,  0.0000,  0.0000],
         [ 0.0000,  0.0000,  0.0000,  0.0000,  0.0000,  0.0000],
         [ 0.0000,  0.0000,  0.0000,  0.0000,  0.0000,  0.0000],
         [ 0.0000,  0.0000,  0.0000,  0.0000,  0.0000,  0.0000]],

        [[ 0.9886, -0.4289,  2.0021,  1.0914, -0.9542, -1.5474],
         [ 0.0000,  0.0000,  0.0000,  0.0000,  0.0000,  0.0000],
         [ 0.0000,  0.0000,  0.0000,  0.0000,  0.0000,  0.0000],
         [ 0.0000,  0.0000,  0.0000,  0.0000,  0.0000,  0.0000],
         [ 0.0000,  0.0000,  0.0000,  0.0000,  0.0000,  0.0000]],

        [[ 0.2997, -0.0027, -1.8221,  -0.3081, -0.6087, -0.8220],
         [-0.3221,  1.4610, -1.7010,  -0.3081, -0.6087, -0.8220],
         [-1.6597,  1.5496, -1.5629,  -0.3081, -0.6087, -0.8220],
         [-1.9540,  1.8623, -1.5541,  -0.3081, -0.6087, -0.8220],
         [ 0.0000,  0.0000,  0.0000,  0.0000,  0.0000,  0.0000]],

        [[ 0.5120, -0.3988, -1.1189,  0.6220, -0.5106, -0.1127],
         [-0.8734, -0.3566, -1.2632,  0.6220, -0.5106, -0.1127],
         [-0.9409, -0.2834, -1.0869,  0.6220, -0.5106, -0.1127],
         [ 0.0220, -0.2590, -1.1081,  0.6220, -0.5106, -0.1127],
         [-0.9780, -0.2207, -1.0908,  0.6220, -0.5106, -0.1127]],

        [[ 1.0417, -0.5245, -1.9269,  0.8046, -0.7729,  1.0636],
         [ 0.0000,  0.0000,  0.0000,  0.0000,  0.0000,  0.0000],
         [ 0.0000,  0.0000,  0.0000,  0.0000,  0.0000,  0.0000],
         [ 0.0000,  0.0000,  0.0000,  0.0000,  0.0000,  0.0000],
         [ 0.0000,  0.0000,  0.0000,  0.0000,  0.0000,  0.0000]]],
       device='cpu')

batch["track_length"]
tensor([1, 1, 1, 4, 5, 1])

batch["lepton_info"]
tensor([[-1.2820, -1.6338,  1.4797, -1.0222,  0.0688,  0.0221, -1.2557, -0.6160,
          0.5145, -0.8050],
        [ 2.2063,  1.3328, -1.3484, -0.3290, -0.2437, -0.5255,  0.3723, -0.5946,
          0.5145, -0.9043],
        [ 0.5770,  2.1525, -1.6577,  1.6216,  0.9217,  1.5576, -1.5798,  0.1518,
         -1.9436,  0.2058],
        [-1.1579, -1.4924,  1.4190, -0.8344,  1.5092,  1.3669, -0.8469, -0.5891,
          0.5145,  2.9620],
        [ 0.2990, -1.1971,  1.2585,  0.3544, -0.2067, -0.4342, -0.1258, -0.2042,
          0.5145,  2.1232],
        [-0.9528, -1.4951,  1.4203, -0.5038, -1.3062, -1.6721,  1.0599, -2.1045,
         -1.9436,  0.2058]])

batch["calo_info"]
tensor([[[-1.2985e+00,  8.1943e-01,  4.1592e-02, -1.0726e+00,
       -3.8531e-01, -8.0471e-02],
      [ 2.4728e-01,  3.8436e-01,  1.2307e-02,  -8.9632e-01,
        1.1025e+00,  2.1365e-01],
      [-1.3927e+00,  5.5192e-01, -2.7241e-02,  -9.5507e-01,
       -1.2185e-01,  1.1563e-01],
      [ 0.0000e+00,  0.0000e+00,  0.0000e+00,  0.0000e+00,
        0.0000e+00,  0.0000e+00],
      [ 0.0000e+00,  0.0000e+00,  0.0000e+00,  0.0000e+00,
        0.0000e+00,  0.0000e+00],
      [ 0.0000e+00,  0.0000e+00,  0.0000e+00,  0.0000e+00,
        0.0000e+00,  0.0000e+00]],

     [[-2.2620e+00,  1.1360e+01,  5.8851e+00,  -3.2873e-01,
        2.1438e-02,  1.0473e-02],
      [-2.2515e+00,  5.2653e+00,  2.6531e+00,  -3.2760e-01,
        1.8826e-02,  1.2346e-02],
      [ 0.0000e+00,  0.0000e+00,  0.0000e+00,  0.0000e+00,
        0.0000e+00,  0.0000e+00],
      [ 0.0000e+00,  0.0000e+00,  0.0000e+00,  0.0000e+00,
        0.0000e+00,  0.0000e+00],
      [ 0.0000e+00,  0.0000e+00,  0.0000e+00,  0.0000e+00,
        0.0000e+00,  0.0000e+00],
      [ 0.0000e+00,  0.0000e+00,  0.0000e+00,  0.0000e+00,
        0.0000e+00,  0.0000e+00]],

     [[-1.9639e-01,  8.0701e-01, -1.2086e-01,  -1.7022e+00,
       -1.5720e-02, -5.5174e+00],
      [-2.7826e-01,  1.2363e-01, -2.2985e-01,  1.6195e+00,
       -1.1313e+00,  2.4095e-02],
      [-1.2511e+00,  9.5085e-02, -2.6414e-01,  1.6664e+00,
       -3.9266e-01,  1.0237e-01],
      [ 1.3650e+00,  7.8214e-01,  2.7350e-02,  -2.7155e-01,
       -1.0700e+00,  3.9577e-01],
      [ 1.3616e-01,  8.8527e-01,  3.5230e-02,  -5.4690e-01,
       -1.3301e+00, -6.3593e-02],
      [ 0.0000e+00,  0.0000e+00,  0.0000e+00,  0.0000e+00,
        0.0000e+00,  0.0000e+00]],

     [[-1.9469e+00,  1.6174e+01,  6.6282e+00,  -8.1254e-01,
       -1.0802e-01,  4.1925e-02],
      [-1.8924e+00,  4.1823e+00,  1.6070e+00,  -8.0360e-01,
       -2.1847e-02,  5.6847e-02],
      [-2.3034e-01,  4.0745e+00,  1.1962e+00,  -7.4150e-01,
       -9.2990e-01,  1.6044e-01],
      [ 0.0000e+00,  0.0000e+00,  0.0000e+00,  0.0000e+00,
        0.0000e+00,  0.0000e+00],
      [ 0.0000e+00,  0.0000e+00,  0.0000e+00,  0.0000e+00,
        0.0000e+00,  0.0000e+00],
      [ 0.0000e+00,  0.0000e+00,  0.0000e+00,  0.0000e+00,
        0.0000e+00,  0.0000e+00]],

     [[-1.0532e+00,  7.2933e-01,  4.2921e-01,  3.5604e-01,
        7.1194e-01,  1.8754e-02],
      [-1.1225e+00,  5.3357e-01,  2.0901e-01,  4.3619e-01,
        6.5364e-02,  1.5248e-01],
      [-7.2705e-01,  4.1181e-01,  2.0369e-01,  4.3192e-01,
        6.3776e-01,  1.4535e-01],
      [ 0.0000e+00,  0.0000e+00,  0.0000e+00,  0.0000e+00,
        0.0000e+00,  0.0000e+00],
      [ 0.0000e+00,  0.0000e+00,  0.0000e+00,  0.0000e+00,
        0.0000e+00,  0.0000e+00],
      [ 0.0000e+00,  0.0000e+00,  0.0000e+00,  0.0000e+00,
        0.0000e+00,  0.0000e+00]],

     [[ 1.3650e+00,  7.8214e-01,  2.7350e-02,  -2.7155e-01,
       -1.0700e+00,  3.9577e-01],
      [ 1.3616e-01,  8.8527e-01,  3.5230e-02,  -5.4690e-01,
       -1.3301e+00, -6.3593e-02],
      [-1.3374e+00, -2.3659e-01, -2.7926e-01,  -4.9358e-01,
        5.4631e-01,  2.5361e-02],
      [-7.2705e-01,  4.1181e-01,  2.0369e-01,  4.3192e-01,
        6.3776e-01,  1.4535e-01],
      [ 0.0000e+00,  0.0000e+00,  0.0000e+00,  0.0000e+00,
        0.0000e+00,  0.0000e+00],
      [ 0.0000e+00,  0.0000e+00,  0.0000e+00,  0.0000e+00,
        0.0000e+00,  0.0000e+00]]], device='cpu')

batch["calo_length"]
tensor([3, 2, 5, 3, 3, 4])





